85 29 3 74 77
35 44 64 75 38
61 81 85 54 36
54 55 25 63 65
19 36 80 82 13
78 14 23 37 28
59 67 35 42 12
23 59 15 81 82
26 61 80 27 69
33 31 67 2 80
86 83 85 56 68
72 90 54 5 21
72 69 31 32 27
3 77 62 37 15
47 68 7 87 32
15 51 78 89 69
67 48 79 78 74
4 30 65 67 89
66 28 17 42 76
17 57 55 62 65
62 13 90 51 51
83 26 5 56 17
74 29 65 20 1
41 29 33 22 18
3 3 21 56 23
83 84 19 18 37
60 79 3 30 88
63 59 20 53 7
1 39 67 29 11
87 4 24 66 26
67 74 51 28 75
3 40 54 16 19
84 35 58 79 22
42 43 54 12 70
60 70 77 49 55
27 6 48 49 39
85 54 61 18 78
62 88 28 71 9
21 7 85 22 55
42 15 28 34 3
45 30 54 54 7
4 37 34 24 34
61 38 39 88 29
55 68 76 3 88
8 9 6 90 4
40 54 88 33 90
63 44 27 76 49
14 16 25 49 42
87 5 80 19 6
66 59 4 5 7
53 61 28 25 3
52 55 9 38 69
63 86 44 81 43
56 55 51 22 15
40 64 27 41 68
48 59 73 23 82
37 88 27 13 11
35 85 15 42 40
74 12 14 65 40
53 32 24 61 58
88 72 63 13 84
46 44 36 71 56
53 64 37 44 62
59 86 49 22 44
37 57 17 85 35
7 1 76 79 16
62 43 57 77 10
71 52 39 85 17
81 10 10 20 82
58 21 37 89 49
30 23 41 61 40
15 3 74 7 17
63 24 27 65 28
48 60 23 10 46
26 3 53 23 17
59 87 15 57 76
25 49 51 83 57
70 66 42 14 87
9 67 1 68 17
43 64 15 71 74
57 11 28 20 69
37 77 82 45 40
72 36 16 19 69
90 86 38 24 49
68 84 81 70 32
67 17 71 59 89
50 90 69 77 52
20 57 89 22 39
18 58 15 48 62
70 39 31 86 40
61 31 79 3 45
16 24 34 29 10
39 62 11 26 10
9 26 68 86 24
75 37 20 5 7
53 53 49 7 28
48 69 54 71 39
35 25 9 51 48
26 31 22 7 48
23 78 43 19 72
4 13 31 58 37
78 10 40 59 78
9 54 8 4 81
21 50 6 14 3
71 21 71 87 2
13 32 46 33 85
29 54 80 59 70
56 89 17 70 46
66 27 7 68 49
20 90 85 23 42
7 47 46 31 85
37 53 88 65 16
28 76 39 20 6
65 67 49 80 7
39 84 64 9 84
28 55 36 62 14
24 88 62 60 7
9 14 34 61 78
39 86 88 19 87
66 76 86 18 49
3 30 64 4 36
17 31 49 40 28
27 32 57 6 9
51 1 62 41 73
32 11 42 20 65
52 89 34 63 90
58 80 55 75 86
6 63 7 15 56
83 30 59 81 22
54 14 49 32 3
66 47 88 31 48
81 25 46 39 88
63 13 54 60 81
50 2 78 52 31
34 12 10 47 63
67 19 62 43 65
30 62 88 42 70
40 11 18 32 55
55 56 37 41 35
74 5 70 22 40
10 70 85 54 12
6 39 45 80 8
71 67 73 37 13
28 52 15 83 67
81 16 55 75 57
62 23 82 30 40
6 26 79 58 38
2 14 27 4 21
13 76 30 5 51